   3.0000000e+00
   3.0000000e+00
   1.0000000e+00
  -1.0000000e+00
   1.0000000e+00
   1.0000000e+00
  -1.0000000e+00
  -9.9991389e-01
   9.5000000e-01
   8.2816930e-03
   1.0000000e+00
   9.0000000e+00
   3.0000000e+00
   2.0000000e+00
   4.0000000e+00
   2.0000000e+00
   4.0000000e+00
   1.0000000e+00
   1.0000000e+00
   1.0000000e+00
   1.0000000e+00  -1.0000000e+00  -1.0000000e+00
   1.0000000e+00  -1.0000000e+00   1.0000000e+00
   1.0000000e+00   1.0000000e+00  -1.0000000e+00
   1.0000000e+00   1.0000000e+00   1.0000000e+00
  -9.9962564e-01
   9.0899822e-01
   9.9952992e-01
  -9.9991389e-01
  -1.0000000e+00
   1.0000000e+00
   1.0000000e+00
  -1.0000000e+00
